80.0 70.0 90.0 80.0
75.0 85.0 95.0 85.0
70.0 65.0 65.0 66.66666666666667
70.0 65.0 23.0 52.666666666666664
70.0 65.0 62.0 65.66666666666667
70.0 65.0 45.0 60.0
70.0 65.0 35.0 56.666666666666664
70.0 65.0 78.0 71.0
70.0 65.0 12.0 49.0
70.0 65.0 77.0 70.66666666666667
70.0 65.0 55.0 63.333333333333336
70.0 65.0 88.0 74.33333333333333
70.0 65.0 99.0 78.0
70.0 65.0 33.0 56.0
70.0 65.0 13.0 49.333333333333336
70.0 65.0 64.0 66.33333333333333
70.0 65.0 60.0 65.0
70.0 65.0 68.0 67.66666666666667
70.0 65.0 69.0 68.0
70.0 65.0 67.0 67.33333333333333
